0010000000100000
0000000000000000
0000000000000000
0000000000000000
0000000000000000
0000000000000000
0000000000000000
0000000000000000
0000000000000000
0000000000000000
0000000000000000
0000000000000000
0000000000000000
0000000000000000
0000000000000000
0000000000000000
0000000000000000
0000000000000000
0000000000000000
0000000000000000
0000000000000000
0000000000000000
0000000000000000
0000000000000000
0000000000000000
0000000000000000
0000000000000000
0000000000000000
0000000000000000
0000000000000000
0000000000000000
0000000000000000
1101000000000000
1101000100000000
0000000000000000
0010000100000000
0110010100000000
0000000000000110
0110011000000000
0000000000000010
0010110111000000
1100101100000000
0010101110100000
1100000010100000
0100001100000010
0100101100000100